zip,total,donations,estimate,donations_per_1000
20601,190404.72999999975,6976,25517,273.38636987106634
20602,109716.81999999996,6758,26550,254.53860640301318
20603,248108.6100000006,12854,31975,402.00156372165753
20606,131.43,11,374,29.41176470588235
20607,181393.81000000043,6889,10843,635.3407728488426
20608,2569.720000000003,337,860,391.8604651162791
20609,2290,61,1151,52.99739357080799
20611,1206,46,1634,28.151774785801713
20612,399.17,21,203,103.44827586206897
20613,170352.85000000012,6436,14020,459.0584878744651
20615,633,25,421,59.38242280285035
20616,38740.899999999994,1703,6389,266.5518860541556
20617,7542.26,274,832,329.3269230769231
20618,6069.32,313,406,770.935960591133
20619,63659.01000000006,2733,15052,181.57055540791922
20620,7357.65,393,1369,287.0708546384222
20621,967,66,960,68.75
20622,8922.109999999999,356,6887,51.69159285610571
20623,33616.96000000001,2075,2997,692.3590256923591
20624,795,60,1409,42.583392476933994
20625,9224.020000000004,454,646,702.7863777089783
20626,3636.8600000000006,240,304,789.4736842105264
20628,12163.26,43,477,90.14675052410902
20629,813,37,383,96.60574412532637
20630,24333.75,371,301,1232.5581395348836
20632,2812.5,21,432,48.611111111111114
20634,27256.079999999944,1095,6478,169.03365236184007
20636,58391.37,2316,10805,214.345210550671
20637,40167.06999999999,2083,5751,362.19787862980354
20639,119571.28999999998,3313,15793,209.77648325207372
20640,24599.82999999998,1569,10333,151.84360785831802
20645,10778.3,199,749,265.6875834445928
20646,130374.95000000004,5566,21951,253.56475786980093
20650,144375.84000000023,3964,14672,270.1744820065431
20653,81705.0799999999,3608,24274,148.6364010875834
20657,125720.03000000009,5067,19226,263.54936024133985
20658,10475.370000000004,288,848,339.62264150943395
20659,66697.38,2061,23312,88.40940288263555
20660,190,5,0,Inf
20662,3207.0199999999995,316,2876,109.87482614742699
20664,19794.23,225,3462,64.99133448873484
20667,1525.39,37,633,58.45181674565561
20670,2542.67,100,1441,69.39625260235947
20674,9889.67,355,848,418.6320754716981
20675,13192.1,265,2017,131.38324243926624
20676,51759.59,4042,3848,1050.4158004158005
20677,19220.51,666,2416,275.6622516556291
20678,49224.85999999996,2380,12261,194.11141016230323
20680,6197.360000000001,87,934,93.14775160599571
20684,3067.24,90,1066,84.42776735459661
20685,44961.41000000005,2422,6942,348.8908095649669
20686,26377.35,776,1775,437.1830985915493
20687,2937.49,80,448,178.57142857142858
20688,84676.29000000008,3855,1749,2204.1166380789023
20689,18325.74,201,2081,96.58817876021143
20690,10894.629999999992,697,905,770.1657458563535
20692,5585.110000000001,161,899,179.08787541713014
20693,5676.370000000001,226,833,271.3085234093637
20695,98344.96999999994,4407,8089,544.8139448633948
20701,5610.76,127,92,1380.4347826086955
20705,263127.96999999945,8949,27663,323.5007049126993
20706,314519.8699999994,12313,43670,281.95557591023584
20707,392772.42999999854,16759,32798,510.97627904140495
20708,155413.97000000026,7135,27843,256.258305498689
20710,28141.24,645,9553,67.51805715482047
20711,67949.20999999996,1572,7413,212.05989477944152
20712,127500.21000000004,4346,9608,452.33139050791004
20714,41288.52999999997,2108,4683,450.13879991458464
20715,314771.77000000153,17641,27556,640.1872550442735
20716,277360.8199999999,9976,22237,448.62166659171646
20720,545108.1899999978,17274,22971,751.9916416351051
20721,1016134.5099999992,27247,29730,916.4816683484696
20722,57960.55000000015,4938,5728,862.0810055865921
20723,402577.18000000034,12363,35411,349.12880178475615
20724,110552.95999999986,6276,17513,358.3623593901673
20732,104842.46,4164,9820,424.03258655804484
20733,50651.11,1910,2777,687.7925819229384
20735,316990.6299999999,15308,38220,400.52328623757194
20736,72934.04000000002,3030,9248,327.6384083044982
20737,102120.56000000011,3706,22295,166.2256111235703
20740,317914.8899999996,12587,31349,401.5120099524706
20742,12867.61,56,6726,8.325899494498959
20743,165297.1299999999,6852,37888,180.84881756756758
20744,615052.9699999988,31497,54925,573.4547109695038
20745,230824.93999999977,12754,27790,458.9420654911839
20746,110835.93000000008,5612,27041,207.53670352427795
20747,156460.6300000003,9223,40484,227.8183973915621
20748,230580.97000000085,12089,38904,310.73925560353695
20751,30918.42999999999,943,2091,450.98039215686276
20754,52836.890000000014,1806,7124,253.50926445816958
20755,13748.61,718,10873,66.03513289800424
20758,6653.169999999999,169,451,374.72283813747225
20759,216717.4500000003,4003,5311,753.7186970438712
20762,2821.08,160,3079,51.96492367651835
20763,16640.289999999997,1067,1635,652.5993883792049
20764,58113.28999999995,1593,3829,416.03551841211805
20765,18800.06,376,407,923.8329238329238
20769,183612.53000000017,7457,6222,1198.4892317582771
20770,470197.8199999965,17073,24560,695.1547231270358
20772,701566.209999997,24555,45321,541.801813728735
20774,790564.2600000018,28133,47165,596.4804410049826
20776,43335.319999999985,1344,3271,410.8835218587588
20777,111532.35999999994,2707,3687,734.2012476267969
20778,39547.169999999984,1436,2079,690.7166907166908
20779,29339.599999999988,687,993,691.8429003021148
20781,231033.8899999996,5853,11694,500.5130836326321
20782,595571.0799999984,12863,33398,385.14282292352834
20783,339753.4999999998,5720,45302,126.26374111518254
20784,90245.51000000014,5749,30270,189.92401717872482
20785,374647.23999999976,11413,38878,293.55933947219506
20794,65081.25000000002,2890,17939,161.1015106750655
20812,82029.63,416,309,1346.2783171521035
20814,3840965.980000051,54366,29021,1873.333103614624
20815,9090681.019999975,77637,30664,2531.8614662144532
20816,3206491.790000002,35071,16316,2149.485167933317
20817,5935171.610000005,65357,37315,1751.4940372504354
20818,339569.6300000002,3976,1971,2017.250126839168
20832,505974.4099999999,15646,26437,591.8220675568332
20833,170021.89000000042,4572,7369,620.4369656669833
20837,155442.2500000004,4684,6287,745.0294257992683
20838,18843.38,448,302,1483.4437086092717
20839,11704.82,462,97,4762.886597938144
20841,161266.3100000001,4010,11443,350.4325788691777
20842,55610.649999999994,978,1676,583.5322195704057
20850,1625183.4800000193,45289,53176,851.6812095682262
20851,158464.17000000016,5030,15489,324.7465943572858
20852,1984718.029999996,48307,46178,1046.1042054658062
20853,556389.1599999968,19911,31061,641.0289430475516
20854,4750407.0800000075,55150,49189,1121.1856309337454
20855,442482.6699999997,10620,15287,694.70792176359
20860,138927.70000000022,4148,2855,1452.889667250438
20861,124085.48999999998,2729,1449,1883.367839889579
20862,16786.32,260,341,762.4633431085044
20866,175550.99000000046,6180,16365,377.6351970669111
20868,11939.11,451,780,578.2051282051283
20871,204083.8700000006,8598,18628,461.56323813613915
20872,125311.22000000012,7302,12603,579.3858605094025
20874,527915.7199999968,22381,61087,366.37909866256325
20876,214333.43000000037,9660,30778,313.8605497433232
20877,371444.01,15286,38423,397.83463029956016
20878,1313016.679999994,41096,63030,652.0069808027923
20879,219295.58000000264,10054,26164,384.26846048004893
20880,52557.24000000001,1356,547,2478.9762340036564
20882,261341.96000000025,8651,13988,618.4586788676007
20886,362243.20999999874,16207,34834,465.26382270195785
20895,1347975.3600000064,26497,19026,1392.6731840639127
20896,161566.2600000002,1962,775,2531.6129032258063
20899,3050,30,295,101.6949152542373
20901,1309525.8700000062,42989,36278,1184.9881470863886
20902,1073108.0000000023,29875,52908,564.6594087850608
20903,250580.09999999992,6587,27973,235.47706717191576
20904,1477418.6700000064,41324,55275,747.6074174581637
20905,509001.05000000366,12733,18662,682.2955738934734
20906,1138991.140000007,54095,70749,764.6044467059605
20910,2979373.470000009,60712,44301,1370.4431051217805
20912,1936275.090000004,38778,26140,1483.4736036725324
21001,126335.17999999996,9185,24752,371.0811247575954
21005,7449.8,1513,2872,526.8105849582173
21009,94785.23000000004,5538,29905,185.18642367497074
21010,18019.26,1196,211,5668.246445497631
21012,448162.7999999995,11344,21600,525.1851851851852
21013,42460.45999999997,1809,4768,379.40436241610735
21014,216782.57000000024,9571,36538,261.94646669221083
21015,198034.8099999996,7969,29199,272.92030548991403
21017,18434.4,1139,6983,163.11041099813832
21028,21243.45,777,2783,279.195113187208
21029,334097.21000000037,5070,10895,465.35107847636533
21030,375350.1199999992,9939,24396,407.40285292670933
21031,589.24,10,0,Inf
21032,231805.08,5033,8084,622.5878278080158
21034,23530.29,608,3483,174.5621590582831
21035,200449.85000000024,6200,7957,779.1881362322483
21036,69995.87,1189,2112,562.9734848484849
21037,376584.1499999987,9471,21046,450.01425449016443
21040,33320.56,2305,24166,95.38194157080196
21042,1050627.5999999992,28455,41195,690.7391673746814
21043,686790.2499999983,20844,47351,440.2018964752593
21044,1337506.6200000034,44569,44256,1007.0724873463486
21045,803755.2300000013,30660,40365,759.568933481977
21046,309389.19999999896,11234,15655,717.5982114340467
21047,69101.56999999999,2633,12266,214.65840534811676
21048,66157.87999999996,2073,10276,201.73219151420787
21050,70752.11000000012,3563,18123,196.6010042487447
21051,25766.14,461,295,1562.7118644067796
21052,551,16,211,75.82938388625593
21053,14091.339999999998,776,3225,240.6201550387597
21054,159548.24000000028,5833,11199,520.8500758996339
21056,38413,98,158,620.253164556962
21057,65720.03000000001,2464,4232,582.2306238185255
21060,173872.13999999993,14209,34899,407.1463365712484
21061,168692.45000000004,10219,53860,189.73264017823988
21071,8471.130000000001,287,581,493.9759036144578
21074,55540.70000000002,2983,15166,196.6899643940393
21075,224807.7100000003,8984,33726,266.38201980667736
21076,235382.90000000017,6352,17442,364.1784199059741
21077,1464.38,85,276,307.9710144927536
21078,212588.47000000055,7808,18366,425.1333986714581
21082,13343.93,459,656,699.6951219512196
21084,29954.660000000033,1638,7603,215.44127318163882
21085,55980.65999999996,2745,16055,170.97477421364061
21087,20466.26,656,5394,121.61661104931406
21090,50232.64000000003,1933,9991,193.47412671404263
21093,633944.1899999967,22218,37996,584.7457627118644
21102,51923.16000000006,3317,11787,281.41172478153896
21104,99374.20000000011,4210,5762,730.6490801804929
21105,267,28,0,Inf
21108,220072.7800000001,6603,18782,351.5600042593973
21111,93046.8800000003,3969,5387,736.7737144978652
21113,444059.96000000014,16279,34473,472.22463957299914
21114,236144.47000000044,8848,27303,324.0669523495587
21117,657696.399999998,23052,59301,388.728689229524
21120,77234.65999999997,2596,7095,365.891472868217
21122,221055.7499999993,9609,61051,157.39299929567082
21128,49255.929999999986,1908,13985,136.43189131212014
21130,225,7,156,44.87179487179487
21131,130327.89000000012,2873,7282,394.53446855259546
21132,6295.84,185,3232,57.240099009900995
21133,146954.52000000025,8682,33299,260.7285504069191
21136,323548.850000002,11483,34177,335.9861895426749
21140,55152.62999999996,1294,3564,363.07519640852973
21144,222529.8500000001,11718,35335,331.6258667044008
21146,487095.9399999995,13148,27555,477.1547813463981
21152,80268.00000000007,1796,5462,328.8172830465031
21153,41921.91000000001,1329,447,2973.1543624161072
21154,14000.14,568,5804,97.86354238456236
21155,15340.34,578,2532,228.2780410742496
21156,1304.9999999999998,40,316,126.58227848101266
21157,202460.4400000002,8691,37749,230.2312644043551
21158,99560.21000000004,4343,20906,207.73940495551517
21160,5854.12,285,2933,97.17013296965564
21161,26816.29999999997,1036,5601,184.96697018389574
21162,11934.46,705,4331,162.77995843915954
21163,171400.08000000005,4816,7030,685.0640113798008
21201,366729.6200000009,6643,17256,384.9675475197033
21202,382084.8500000009,6148,21784,282.22548659566655
21204,511605.4999999996,12273,21545,569.644929217916
21205,23248.110000000015,1021,16239,62.873329638524545
21206,111044.22,6518,52020,125.29796232218376
21207,198563.10000000015,13152,48872,269.1111474873138
21208,700900.8699999987,21511,35266,609.964271536324
21209,644100.539999995,26774,28309,945.7769613903706
21210,1443604.7700000436,25454,15553,1636.5974410081656
21211,433904.2699999998,13357,16370,815.9437996334758
21212,1146181.100000002,25556,33431,764.4401902425892
21213,75637.8300000001,3715,31007,119.81165543264424
21214,156481.40000000066,7525,21392,351.7670157068063
21215,148706.3900000006,10084,58283,173.01786112588576
21216,59446.779999999984,3837,30179,127.14138970807515
21217,338081.31999999844,6787,33644,201.72987754131495
21218,1018091.8099999998,31378,47555,659.8254652507622
21219,28739.510000000017,1232,9550,129.00523560209425
21220,75693.55000000031,3341,41051,81.38656792769969
21221,65432.59999999995,3250,42078,77.23751128855933
21222,62814.88999999995,3776,55212,68.39092950807796
21223,27742.830000000005,1598,22392,71.36477313326188
21224,379731.1799999997,12042,49332,244.10119192410608
21225,27074.09999999997,2446,34363,71.18121235049327
21226,12090.19,636,6247,101.80886825676325
21227,96694.33000000005,4190,33589,124.74321950638601
21228,597323.7399999986,26381,48196,547.3690762718898
21229,157636.48000000007,8355,45921,181.94290194028875
21230,623503.7299999964,13266,34274,387.0572445585575
21231,281612.8999999996,7981,15854,503.4060804844204
21234,250143.7600000003,12937,68381,189.1899796727161
21236,122992.59000000026,5621,39707,141.56194121943233
21237,79481.20000000007,3793,30129,125.89199774303827
21239,161538.66000000044,11716,30424,385.09071785432553
21240,522,14,0,Inf
21244,141657.7900000002,9590,36394,263.50497334725503
21250,206,5,2367,2.112378538234051
21251,134,9,965,9.32642487046632
21252,120,9,2383,3.7767519932857745
21286,415242.91999999946,12808,19849,645.2718021058995
21401,1649639.400000007,36733,38315,958.7106877202141
21402,9181.1,172,6669,25.790973159394213
21403,1333098.2500000054,25115,31377,800.4270644102368
21405,51961.95999999998,1726,337,5121.661721068249
21409,445531.4299999982,11407,19931,572.3245195925945
21502,116830.50000000042,7293,42391,172.04123516784222
21520,8828.130000000001,197,2200,89.54545454545453
21521,890.1600000000001,53,1102,48.09437386569873
21523,46,6,188,31.914893617021274
21524,7,5,775,6.451612903225806
21529,886,33,434,76.036866359447
21530,11216.91,475,1859,255.51371705217858
21531,4804.52,191,1868,102.24839400428264
21532,43536.08000000003,1754,14726,119.10905880755126
21536,10208.63,466,4123,113.02449672568518
21538,85,17,410,41.463414634146346
21539,785.4200000000001,28,2606,10.744435917114352
21540,56.18,1,102,9.803921568627452
21541,19362.08,381,1421,268.1210415200563
21545,972.24,55,1740,31.609195402298855
21550,54859.00000000003,1946,14077,138.23968175037297
21555,5493.5,229,1586,144.38839848675914
21557,1640.1999999999998,71,1410,50.354609929078016
21561,17515.689999999995,752,2464,305.1948051948052
21562,2810.76,202,3519,57.4026712134129
21601,628699.1599999968,15791,23399,674.8578999102526
21607,350,2,737,2.7137042062415193
21610,3615.8,279,433,644.3418013856813
21612,8710.380000000001,232,381,608.9238845144357
21613,120616.02999999994,3942,17132,230.09572729395285
21617,57825.34999999997,3054,10570,288.9309366130558
21619,96216.21999999994,3573,5964,599.0945674044266
21620,422426.1699999993,7513,12850,584.6692607003891
21622,546.72,17,854,19.90632318501171
21623,7916.639999999999,282,1989,141.77978883861238
21624,8929.2,164,175,937.1428571428571
21625,8292.2,258,2583,99.88385598141696
21627,28,4,0,Inf
21628,2211.88,119,448,265.625
21629,24259.210000000006,1206,9396,128.35249042145594
21631,3551.46,94,2814,33.4044065387349
21632,8827.550000000001,758,6078,124.71207634090162
21635,12718.539999999995,611,1983,308.11901159858803
21636,1112,58,1015,57.14285714285714
21638,33617.01,1114,5130,217.15399610136453
21639,10110.96,559,5279,105.89126728547073
21640,3286.5,141,1499,94.06270847231488
21641,197,17,88,193.1818181818182
21643,13598.149999999998,740,5864,126.193724420191
21645,5711.840000000006,196,1261,155.4321966693101
21647,15435.859999999995,635,288,2204.8611111111113
21648,240,4,175,22.857142857142858
21649,2484.55,100,1935,51.67958656330749
21650,8666,222,246,902.439024390244
21651,5999.56,297,2894,102.62612301313062
21652,5809.5,249,118,2110.169491525424
21653,1085,75,143,524.4755244755245
21654,175200.69,6312,986,6401.6227180527385
21655,15772.760000000002,427,4747,89.95154834632399
21657,2836.7200000000003,61,910,67.03296703296704
21658,52629.99000000004,916,3987,229.74667669927263
21659,10,1,1356,0.7374631268436578
21660,14024.06,722,4292,168.21994408201306
21661,25956.929999999997,1339,2487,538.3996783273019
21662,71666.80999999998,821,418,1964.1148325358852
21663,165478.48000000045,3198,3424,933.9953271028038
21664,803,37,445,83.14606741573034
21665,8093.42,141,215,655.8139534883721
21666,104492.80000000018,3570,12836,278.12402617637895
21667,7539.389999999999,445,292,1523.972602739726
21668,2688.7899999999995,148,1816,81.49779735682819
21669,4473.520000000004,146,254,574.8031496062991
21671,13720.66,397,984,403.4552845528455
21672,92,6,161,37.267080745341616
21673,18756.35,437,3270,133.63914373088684
21676,9237.36,78,424,183.96226415094338
21677,1214,28,446,62.780269058295964
21678,22807.97999999999,1059,1842,574.9185667752444
21679,5971.209999999999,213,289,737.0242214532872
21701,631639.1800000038,24907,37017,672.8530134802928
21702,430403.05999999936,17174,41815,410.7138586631591
21703,203219.95000000024,8726,37473,232.86099324847223
21704,213888.01000000007,5672,16887,335.87967075265
21705,9141.1,449,3,149666.66666666666
21710,45716.58000000003,1509,4859,310.5577279275571
21711,741,30,1076,27.881040892193308
21713,40567.68999999998,1829,10728,170.48844146159584
21714,15300.23,426,216,1972.2222222222224
21716,47591.569999999985,2201,5078,433.43836155966915
21717,3016.26,97,77,1259.7402597402597
21718,4618.8,165,151,1092.7152317880796
21719,1636.0099999999998,115,1002,114.77045908183632
21722,4822.030000000004,248,5748,43.14544189283229
21723,7010.54,214,759,281.9499341238472
21727,16539.529999999995,606,6792,89.2226148409894
21733,2380.62,95,897,105.90858416945373
21734,2700,137,816,167.89215686274508
21737,42184.98,1141,2462,463.4443541835906
21738,91235.83999999994,2133,3827,557.3556310425921
21740,156266.82999999897,9084,61768,147.06644217070328
21742,180980.25000000055,9377,33483,280.05256398769524
21750,25647.73999999999,1588,3694,429.88630211153225
21754,99558.51999999968,3459,6667,518.8240587970602
21755,65008.77999999997,2271,5603,405.3185793325004
21756,23079.649999999976,706,3056,231.02094240837695
21757,3157.34,121,2793,43.32259219477264
21758,35589.54000000006,1923,5127,375.07314218841424
21762,4213.839999999999,127,202,628.7128712871287
21766,1177.77,28,483,57.971014492753625
21767,3614.53,79,650,121.53846153846153
21769,108657.45999999992,3776,11629,324.7054776850976
21770,51007.11,1985,5513,360.058044621803
21771,209328.0900000004,8933,29901,298.7525500819371
21773,26795.68000000001,1692,5431,311.5448352053029
21774,144050.66000000012,5176,13092,395.35594256034216
21776,21786.81,1182,5516,214.28571428571428
21777,13418.1,720,1868,385.4389721627409
21778,2955.6699999999983,187,909,205.72057205720574
21779,6884.26,475,1032,460.27131782945736
21780,6613.8499999999995,227,1614,140.6443618339529
21781,110,2,153,13.071895424836601
21782,23007.480000000003,1239,4495,275.6395995550612
21783,22073.15,1072,8894,120.53069485046099
21784,257843.1300000003,9655,37365,258.3968954904322
21787,30285.629999999997,944,10173,92.79465251155018
21788,109285.4999999998,2817,11910,236.52392947103274
21790,349.24,5,157,31.84713375796178
21791,18969.599999999995,1283,5245,244.6139180171592
21793,63179.49999999996,2311,10416,221.87019969278035
21794,27815.850000000013,648,2277,284.5849802371542
21795,25785.01000000001,1602,9147,175.13938996392258
21797,169015.33999999994,3224,8873,363.349487208385
21798,18457.95,331,2057,160.91395235780263
21801,130242.52999999998,4484,29866,150.13727984999664
21802,2387.96,194,90,2155.5555555555557
21804,177007.2200000002,7964,40877,194.8283876018299
21810,90,3,814,3.6855036855036856
21811,276675.0200000005,9781,24071,406.33957874620916
21813,18157.769999999997,1012,2672,378.7425149700599
21814,5105.589999999998,274,268,1022.3880597014925
21817,6336.919999999993,312,4515,69.1029900332226
21821,2020.34,155,871,177.95637198622273
21822,12221.479999999998,632,1687,374.6295198577356
21824,166,16,101,158.41584158415841
21826,10358.839999999998,717,5325,134.64788732394368
21829,435,17,401,42.394014962593516
21830,9341.89,383,4060,94.33497536945814
21835,79,19,337,56.37982195845697
21837,5382.609999999997,509,3200,159.0625
21838,1579,55,1657,33.1925165962583
21840,936.9400000000002,59,438,134.70319634703196
21841,6055.21,349,1580,220.8860759493671
21842,52256.51999999999,2437,10655,228.71891130924448
21849,11445.820000000002,541,3577,151.24405926754264
21850,1634.26,110,2935,37.47870528109029
21851,13798.000000000004,810,6949,116.5635343214851
21853,8938.869999999994,555,11957,46.41632516517521
21856,2715.48,221,875,252.57142857142856
21861,1238.16,42,689,60.95791001451379
21862,20,2,90,22.22222222222222
21863,15254.77,778,4657,167.0603392742109
21864,2239.66,59,548,107.66423357664233
21865,5664.640000000003,284,594,478.1144781144781
21867,104,3,23,130.43478260869566
21869,1823.8399999999983,178,1145,155.45851528384281
21871,2733.2100000000005,135,2198,61.41947224749773
21872,683.82,51,379,134.5646437994723
21874,1668.7499999999998,139,1874,74.17289220917823
21875,14828.73,853,6676,127.77112043139604
21901,51409.42999999997,2086,16790,124.24061941631923
21902,410,44,215,204.65116279069767
21903,15152.06,1147,5947,192.87035480073985
21904,27753.210000000003,1461,7075,206.5017667844523
21911,18688.95999999996,1120,11130,100.62893081761007
21912,4150.6,119,1139,104.4776119402985
21913,2956.27,93,880,105.68181818181819
21914,2967.6400000000003,114,860,132.5581395348837
21915,16423.720000000012,792,2949,268.5656154628688
21916,382,23,44,522.7272727272727
21917,6169.52,167,2127,78.51433944522802
21918,11263.31,604,3692,163.59696641386782
21919,19727.17,995,2919,340.8701610140459
21920,331,16,491,32.586558044806516
21921,152703.25000000015,6975,46162,151.098305965946
21930,2363,55,132,416.6666666666667
