zip,total,donations,estimate,donations_per_1000
20601,35154.4,1425,25517,55.84512285927029
20602,22974.03999999998,897,26550,33.78531073446327
20603,54640.36000000012,1449,31975,45.316653635652855
20606,293.59999999999997,21,374,56.14973262032086
20607,12869.199999999992,578,10843,53.30628054966338
20608,960.7,26,860,30.232558139534884
20609,2305.4399999999996,48,1151,41.70286707211121
20611,826.2,35,1634,21.419828641370867
20612,717.07,146,203,719.2118226600985
20613,21712.14999999992,1242,14020,88.58773181169758
20615,2400.2400000000016,156,421,370.54631828978626
20616,6938.1399999999985,292,6389,45.703552981687274
20617,2581.13,122,832,146.6346153846154
20618,3086.189999999999,111,406,273.3990147783251
20619,50741.130000000056,1321,15052,87.76242359819294
20620,5863.94,163,1369,119.06501095690285
20621,1845.489999999999,39,960,40.625
20622,17405.309999999994,383,6887,55.61202265137215
20623,2147.4399999999996,103,2997,34.367701034367705
20624,727.2300000000001,18,1409,12.7750177430802
20625,1835.3699999999997,26,646,40.247678018575854
20626,1488.6,16,304,52.63157894736842
20628,2661.529999999999,88,477,184.48637316561843
20630,8129.480000000001,57,301,189.3687707641196
20632,1660.4599999999996,74,432,171.2962962962963
20634,41293.05999999995,2590,6478,399.8147576412473
20636,39801.99999999989,1831,10805,169.45858398889402
20637,50569.88999999994,1342,5751,233.3507216136324
20639,78700.29000000027,4060,15793,257.0759197112645
20640,23500.449999999957,1132,10333,109.55192102971063
20645,2337.07,104,749,138.85180240320426
20646,92164.8600000004,5750,21951,261.9470639150836
20650,111278.18000000074,6687,14672,455.7660850599782
20653,45948.46000000004,2289,24274,94.29842629974458
20657,80439.92000000038,1350,19226,70.21741391865183
20658,1121.18,11,848,12.971698113207548
20659,91069.19000000054,3755,23312,161.07584076870282
20660,2000,2,0,Inf
20662,9742.390000000005,133,2876,46.24478442280946
20664,8245.47,281,3462,81.16695551704217
20667,1417.13,30,633,47.393364928909946
20670,705.89,19,1441,13.1852879944483
20674,9114.100000000006,209,848,246.46226415094338
20675,4188.69,131,2017,64.94794248884482
20676,23146.85999999999,691,3848,179.57380457380455
20677,52261.30000000037,10510,2416,4350.165562913907
20678,50940.49999999995,2547,12261,207.7318326400783
20680,1978.8,44,934,47.109207708779444
20684,3987.879999999999,75,1066,70.35647279549718
20685,30678.48999999994,1045,6942,150.5329876116393
20686,389.33,5,1775,2.8169014084507045
20687,244.3,7,448,15.625
20688,37209.47999999994,2245,1749,1283.5906232132647
20689,2773.0099999999993,49,2081,23.546371936568956
20690,14588.270000000004,735,905,812.1546961325968
20692,1091.63,20,899,22.24694104560623
20693,1714.5400000000006,52,833,62.4249699879952
20695,14520.069999999992,426,8089,52.66411175670664
20701,1439.86,15,92,163.04347826086956
20705,22559.73999999999,805,27663,29.100242200773597
20706,29126.840000000055,1107,43670,25.34920998397069
20707,34556.44999999992,1548,32798,47.197999878041344
20708,54085.47,789,27843,28.33746363538412
20710,2001.2699999999995,72,9553,7.536899403328797
20711,37307.29999999996,727,7413,98.07095642789695
20712,4516.9000000000005,173,9608,18.005828476269777
20714,12063.769999999988,382,4683,81.5716421097587
20715,142469.33000000103,4184,27556,151.83626070547248
20716,27480.630000000012,1680,22237,75.54975940999235
20720,34529.47999999995,1111,22971,48.365330198946495
20721,14887.369999999986,535,29730,17.995290951900436
20722,3351.6400000000003,233,5728,40.677374301675975
20723,43215.24999999997,1100,35411,31.06379373640959
20724,11786.809999999992,696,17513,39.741906012676296
20732,30932.33999999991,1193,9820,121.4867617107943
20733,35883.32,781,2777,281.2387468491178
20735,22491.139999999927,1180,38220,30.87388801674516
20736,36527.33999999994,765,9248,82.72058823529412
20737,5443.21,225,22295,10.091948867459072
20740,56220.70999999998,1193,31349,38.05544036492392
20742,1,1,6726,0.14867677668748142
20743,4492.559999999999,183,37888,4.830025337837838
20744,35052.24999999999,2353,54925,42.84023668639053
20745,53411.80999999974,1032,27790,37.13566030946384
20746,2967.6399999999994,140,27041,5.1773233238415735
20747,12687.24,375,40484,9.262918683924513
20748,14587.360000000004,653,38904,16.78490643635616
20751,10915.30000000001,672,2091,321.377331420373
20754,44534.28999999998,1336,7124,187.5350926445817
20755,4977.139999999996,167,10873,15.359146509702933
20758,4327.030000000003,135,451,299.33481152993346
20759,36052.18999999997,1027,5311,193.37224628130295
20762,14706.78,48,3079,15.589477102955504
20763,3276.5099999999993,71,1635,43.42507645259939
20764,12968.499999999998,462,3829,120.6581352833638
20765,6221.2599999999975,522,407,1282.5552825552827
20769,15896.250000000004,210,6222,33.751205400192866
20770,21328.50999999997,496,24560,20.195439739413683
20772,31955.939999999937,1389,45321,30.64804395313431
20774,21914.559999999983,841,47165,17.831018763913917
20776,65721.77000000003,1963,3271,600.122286762458
20777,20180.67,293,3687,79.4684024952536
20778,16143.259999999997,393,2079,189.03318903318902
20779,5277.000000000001,125,993,125.88116817724068
20781,10096.329999999998,158,11694,13.511202325979134
20782,26050.830000000293,7196,33398,215.46200371279716
20783,9823.730000000003,527,45302,11.633040483863848
20784,17513.350000000002,379,30270,12.520647505781302
20785,38606.709999999955,651,38878,16.74468851278358
20794,15510.410000000007,793,17939,44.20536261776019
20812,2051.1,15,309,48.543689320388346
20814,202639.16000000053,2487,29021,85.69656455670031
20815,721210.8099999983,3805,30664,124.08687711974954
20816,284897.07999999885,2495,16316,152.91738171120372
20817,522987.4099999978,3009,37315,80.6378132118451
20818,18863.17999999999,316,1971,160.32470826991374
20832,114980.55000000096,3362,26437,127.17025381094679
20833,30259.05999999992,963,7369,130.68258922513232
20837,57977.12000000006,3241,6287,515.5081915062827
20838,941.08,24,302,79.47019867549669
20839,512.8499999999999,18,97,185.56701030927834
20841,21229.879999999983,744,11443,65.01791488246089
20842,10108.009999999997,136,1676,81.14558472553699
20850,203583.64000000097,5886,53176,110.6890326463066
20851,18287.63,719,15489,46.42004002840726
20852,157263.340000001,4380,46178,94.85036164407295
20853,124813.38000000051,2626,31061,84.54331798718651
20854,944799.1799999998,12131,49189,246.62017930838195
20855,92437.87000000042,2795,15287,182.83508863740434
20860,14416.610000000002,292,2855,102.276707530648
20861,11465.850000000008,257,1449,177.36369910282954
20862,3784.6399999999976,70,341,205.27859237536657
20866,25807.389999999996,1219,16365,74.4882370913535
20868,2218.01,122,780,156.4102564102564
20871,80923.96000000063,4612,18628,247.58428172643332
20872,39932.7499999999,1755,12603,139.25255891454415
20874,132768.29000000193,4528,61087,74.12379065922373
20876,59598.96000000026,3321,30778,107.90174800181948
20877,135030.5500000012,4482,38423,116.64888217994431
20878,261582.07000000097,6764,63030,107.31397747104555
20879,46258.66000000008,1423,26164,54.38770830148296
20880,3529.360000000013,2579,547,4714.808043875686
20882,55039.370000000104,2077,13988,148.48441521303977
20886,44448.79999999998,2666,34834,76.53442039386806
20895,84943.84000000029,1821,19026,95.71113213497318
20896,6205.740000000002,54,775,69.6774193548387
20901,39357.02999999992,1373,36278,37.846628810849545
20902,111594.10000000116,2665,52908,50.3704543736297
20903,24608.239999999972,587,27973,20.98452078790262
20904,162519.77000000112,3751,55275,67.86069651741293
20905,51927.54000000004,1413,18662,75.71535741078127
20906,113328.51000000157,5229,70749,73.90917186108638
20910,124519.65000000046,4974,44301,112.27737522855016
20912,14698.359999999995,343,26140,13.121652639632748
21001,32703.409999999927,1059,24752,42.78442146089205
21005,1740.7099999999998,51,2872,17.75766016713092
21009,66653.2000000004,5140,29905,171.87761243939138
21010,76,4,211,18.95734597156398
21012,92377.88000000056,3137,21600,145.2314814814815
21013,51311.059999999954,1870,4768,392.1979865771812
21014,148802.47000000265,7659,36538,209.61738464064808
21015,124358.7200000016,4943,29199,169.28661940477414
21017,9860.279999999992,616,6983,88.2142345696692
21028,12705.77,651,2783,233.9202299676608
21029,55820.07999999995,996,10895,91.4180816888481
21030,108375.52000000064,2511,24396,102.92670929660599
21031,121.07,3,0,Inf
21032,106763.8800000004,2557,8084,316.30380999505195
21034,4830.949999999999,196,3483,56.27332759115705
21035,105207.05000000032,1619,7957,203.46864396129195
21036,7781.639999999995,128,2112,60.60606060606061
21037,132253.67000000077,2560,21046,121.63831606956191
21040,35919.79999999996,1925,24166,79.65736985847884
21042,197983.37000000064,5156,41195,125.16082048792329
21043,122321.36000000112,6185,47351,130.62026145171168
21044,89628.98000000049,2871,44256,64.87255965292842
21045,65944.75000000004,2114,40365,52.37210454601759
21046,41757.79999999992,1732,15655,110.63557968700096
21047,55999.08000000003,1600,12266,130.44187184086093
21048,54494.54000000002,1342,10276,130.59556247567147
21050,80880.23000000008,2703,18123,149.1474921370634
21051,1247.9199999999998,23,295,77.96610169491527
21052,576.63,33,211,156.39810426540285
21053,18719.859999999982,1337,3225,414.57364341085275
21054,55027.50999999999,1243,11199,110.99205286186267
21056,61699,146,158,924.0506329113924
21057,30587.21999999996,803,4232,189.74480151228735
21060,77188.22000000016,2913,34899,83.46944038511133
21061,94884.25000000096,4334,53860,80.46787968808022
21071,2712.2000000000007,73,581,125.64543889845095
21074,41324.14,1937,15166,127.71989977581433
21075,38737.78999999992,1098,33726,32.55648461127913
21076,37133.1999999999,1184,17442,67.88212360967778
21077,86.21000000000001,3,276,10.869565217391305
21078,79610.61000000061,3100,18366,168.79015572253076
21082,4434.750000000003,236,656,359.7560975609756
21084,31766.83999999992,1880,7603,247.2708141523083
21085,60720.31000000001,2769,16055,172.46963562753038
21087,51768.68000000009,2194,5394,406.74823878383387
21090,24629.47999999995,912,9991,91.2821539385447
21093,260605.55000000255,9103,37996,239.5778503000316
21102,33108.76999999995,1820,11787,154.40739798082635
21104,24535.42999999998,1121,5762,194.55050329746615
21108,93759.31000000042,2665,18782,141.89117239910553
21111,31044.06999999993,900,5387,167.06886950064973
21113,93812.13000000056,2621,34473,76.03051663620805
21114,183088.8100000013,5108,27303,187.08566824158518
21117,100675.68000000092,3482,59301,58.71739093775822
21120,36591.729999999945,1165,7095,164.200140944327
21122,198584.7000000016,9814,61051,160.7508476519631
21128,38107.33999999993,1706,13985,121.9878441186986
21130,202,5,156,32.05128205128205
21131,53588.45,986,7282,135.4023619884647
21132,26892.71999999997,1935,3232,598.700495049505
21133,11557.72999999996,853,33299,25.616384876422714
21136,117010.2300000019,5753,34177,168.3295783714194
21140,14685.769999999997,372,3564,104.37710437710437
21144,93118.1200000007,4088,35335,115.69265600679213
21146,170297.64000000138,4267,27555,154.8539285066231
21152,25937.42999999998,506,5462,92.64005858659831
21153,9404.070000000003,84,447,187.91946308724832
21154,32637.779999999988,1432,5804,246.7263955892488
21155,8949.849999999999,225,2532,88.86255924170617
21156,1853.68,38,316,120.25316455696203
21157,133764.6600000017,4538,37749,120.21510503589498
21158,62736.160000000025,2036,20906,97.38830957619822
21160,7897.949999999998,432,2933,147.2894647118991
21161,25529.959999999937,855,5601,152.65131226566683
21162,8861.850000000008,327,4331,75.50219348880167
21163,31190.8699999999,2253,7030,320.4836415362731
21201,21142.500000000044,1094,17256,63.39823829392675
21202,22378.09999999997,492,21784,22.585383767903046
21204,189115.3200000032,8428,21545,391.18124854954743
21205,3283.3199999999997,80,16239,4.926411724859905
21206,20841.259999999973,814,52020,15.647827758554403
21207,14736.519999999984,511,48872,10.455884760189884
21208,69404.8800000002,3218,35266,91.24936199172006
21209,39362.56999999995,1197,28309,42.283372778974886
21210,22138.40999999998,586,15553,37.67761846589082
21211,14625.330000000002,373,16370,22.785583384239462
21212,57711.109999999935,1784,33431,53.363644521551855
21213,5964.939999999996,222,31007,7.159673622085336
21214,10893.830000000007,930,21392,43.47419596110696
21215,21237.409999999996,1294,58283,22.2020143094899
21216,780.86,38,30179,1.2591537161602437
21217,7613.850000000001,524,33644,15.574842468196408
21218,22943.169999999973,1068,47555,22.45820628745663
21219,24274.23999999998,1407,9550,147.32984293193718
21220,123716.15000000082,6821,41051,166.15916786436384
21221,71861.3400000003,3435,42078,81.63410808498503
21222,58565.289999999986,3186,55212,57.704846772440774
21223,5440.709999999999,189,22392,8.440514469453376
21224,97096.64000000036,4252,49332,86.1915186896943
21225,20727.42999999996,1693,34363,49.268108139568724
21226,6695.000000000005,355,6247,56.82727709300464
21227,36017.46000000001,1904,33589,56.685224329393556
21228,190287.5699999994,8380,48196,173.87335048551748
21229,43146.99999999995,1451,45921,31.597743951569
21230,42890.42000000036,3292,34274,96.0494835735543
21231,11765.870000000004,156,15854,9.839788066103191
21234,80660.86000000071,4150,68381,60.689372778988314
21236,102116.84000000118,5367,39707,135.1650842420732
21237,57059.060000000005,1956,30129,64.92084038633875
21239,10179.439999999997,410,30424,13.476202997633449
21240,26.03,1,0,Inf
21244,13203.5,549,36394,15.084904105072265
21250,105.21,2,2367,0.8449514152936206
21251,1973.96,50,965,51.81347150259067
21252,100,4,2383,1.678556441460344
21286,97379.96999999994,3403,19849,171.44440525971083
21401,458704.35999999574,8690,38315,226.8041237113402
21402,1129.13,64,6669,9.596641175588543
21403,180484.76000000135,3952,31377,125.95213054147943
21405,3649.420000000001,107,337,317.50741839762617
21409,188649.09000000064,4980,19931,249.86202398274045
21502,103737.06000000116,4775,42391,112.64183435163125
21520,3721.250000000001,98,2200,44.54545454545455
21521,1075.8800000000003,33,1102,29.945553539019965
21522,47,1,233,4.291845493562231
21523,86.89,7,188,37.234042553191486
21524,457.2,20,775,25.806451612903224
21529,1045.86,57,434,131.3364055299539
21530,1889.75,89,1859,47.875201721355566
21531,7033.79,246,1868,131.6916488222698
21532,30815.46000000011,2300,14726,156.18633709085972
21536,7843.590000000014,814,4123,197.42905651224837
21538,862.24,29,410,70.73170731707316
21539,1421.7499999999998,32,2606,12.279355333844974
21540,21.07,1,102,9.803921568627452
21541,9666.629999999996,216,1421,152.00562983814214
21543,4508.579999999999,280,276,1014.4927536231885
21545,1568.5600000000002,64,1740,36.7816091954023
21550,35610.61999999992,1221,14077,86.7372309440932
21555,2438.6499999999987,98,1586,61.7906683480454
21557,1298.9399999999994,69,1410,48.93617021276596
21561,20203.78999999999,323,2464,131.08766233766232
21562,1325.5500000000004,73,3519,20.744529695936343
21601,198588.0400000003,3519,23399,150.39104235223726
21607,253.65,10,737,13.568521031207599
21610,612.65,22,433,50.80831408775981
21612,2340.93,40,381,104.98687664041995
21613,25820.179999999946,1016,17132,59.304226009806214
21617,44502.849999999904,1393,10570,131.78807947019868
21619,53307.83999999997,1752,5964,293.7625754527163
21620,57317.93000000011,3547,12850,276.03112840466923
21622,1015.8599999999996,47,854,55.03512880562061
21623,11603.930000000004,160,1989,80.44243338360987
21624,200,2,175,11.428571428571429
21625,6536.09,181,2583,70.07355787843593
21628,1665.3,76,448,169.64285714285714
21629,26028.75999999993,702,9396,74.71264367816093
21631,2140.9599999999996,106,2814,37.668798862828716
21632,8560.209999999992,385,6078,63.34320500164528
21634,660.53,12,198,60.60606060606061
21635,25782.629999999972,909,1983,458.3963691376702
21636,3741.630000000001,140,1015,137.9310344827586
21638,24723.95999999996,688,5130,134.1130604288499
21639,4298.609999999999,299,5279,56.639515059670394
21640,870.59,21,1499,14.009339559706472
21643,3421.1600000000003,129,5864,21.998635743519785
21644,1489.06,21,90,233.33333333333334
21645,16686.719999999976,799,1261,633.624107850912
21647,1046.02,2,288,6.944444444444444
21648,292.18000000000006,6,175,34.285714285714285
21649,251.31,11,1935,5.684754521963824
21650,743.2800000000001,36,246,146.34146341463415
21651,4187.79,114,2894,39.39184519695923
21652,186.33,6,118,50.84745762711865
21653,115.48,5,143,34.96503496503497
21654,35940.680000000015,475,986,481.7444219066937
21655,15795.929999999988,911,4747,191.9106804297451
21657,4380.89,81,910,89.01098901098901
21658,46045.019999999975,1085,3987,272.13443691999
21659,58483.720000000016,3060,1356,2256.637168141593
21660,8391.409999999993,318,4292,74.09133271202236
21661,30077.569999999967,1483,2487,596.3007639726578
21662,15801.980000000009,168,418,401.9138755980861
21663,42010.009999999944,1221,3424,356.60046728971963
21664,606.3299999999999,12,445,26.966292134831463
21665,6186.34,55,215,255.8139534883721
21666,85565.16000000027,2612,12836,203.49018385789967
21667,207,5,292,17.123287671232877
21668,6508.429999999995,399,1816,219.7136563876652
21669,1276.6999999999998,15,254,59.05511811023622
21671,2785.99,57,984,57.926829268292686
21672,46.05,2,161,12.422360248447204
21673,8611.570000000002,188,3270,57.49235474006116
21675,25,1,90,11.11111111111111
21676,710.0500000000001,21,424,49.528301886792455
21677,1134.9900000000007,128,446,286.99551569506724
21678,1922.5899999999997,43,1842,23.344191096634095
21679,2694.7099999999996,81,289,280.27681660899657
21701,114826.3500000018,6057,37017,163.62752248966692
21702,126991.27000000182,5174,41815,123.73550161425325
21703,67041.95000000004,2098,37473,55.98697729031569
21704,58343.60999999997,1240,16887,73.42926511517736
21705,1493.22,33,3,11000
21710,13761.380000000008,301,4859,61.94690265486726
21711,898.0700000000002,27,1076,25.092936802973977
21713,40229.73999999996,1288,10728,120.05965697240866
21714,290.82000000000005,12,216,55.55555555555555
21716,16379.819999999992,540,5078,106.34107916502559
21717,1939.79,54,77,701.2987012987013
21718,494.52,6,151,39.735099337748345
21719,2473.4699999999993,58,1002,57.88423153692615
21722,9866.599999999997,317,5748,55.149617258176754
21723,3686.479999999998,215,759,283.2674571805007
21727,28446.509999999995,756,6792,111.30742049469964
21733,980.28,22,897,24.526198439241917
21734,1267.72,64,816,78.43137254901961
21737,9376.609999999995,149,2462,60.519902518277824
21738,31309.770000000022,1641,3827,428.7954010974654
21740,136944.65000000247,41865,61768,677.7781375469498
21742,163741.37000000075,5487,33483,163.87420482035662
21746,552.02,9,3008,2.992021276595745
21750,5061.7199999999975,165,3694,44.66702761234434
21754,39970.79999999996,1220,6667,182.9908504574771
21755,21364.609999999982,504,5603,89.95181152953775
21756,22238.630000000005,336,3056,109.9476439790576
21757,10792.840000000004,196,2793,70.17543859649122
21758,30557.549999999916,1294,5127,252.3893114881997
21762,2202.48,53,202,262.3762376237624
21766,1711.669999999999,177,483,366.4596273291926
21767,2927.9700000000003,271,650,416.9230769230769
21769,39481.69999999997,1570,11629,135.0073093129246
21770,20556.359999999997,723,5513,131.14456738617812
21771,150894.49000000267,6746,29901,225.61118357245576
21773,13039.27,402,5431,74.01951758423864
21774,60800.73000000003,2844,13092,217.23189734188816
21776,15895.469999999972,1147,5516,207.94053662073966
21777,5306.590000000001,105,1868,56.20985010706638
21778,3602.839999999998,138,909,151.81518151815183
21779,6273.829999999999,121,1032,117.24806201550388
21780,3914.229999999999,106,1614,65.67534076827756
21782,8791.65,271,4495,60.28921023359288
21783,14984.93999999998,718,8894,80.72858106588711
21784,355008.319999996,6982,37365,186.85936036397698
21787,26892.229999999985,1154,10173,113.43753071856875
21788,20376.15,986,11910,82.78757346767422
21791,16003.319999999983,1011,5245,192.75500476644422
21793,46443.080000000016,1537,10416,147.56144393241166
21794,21564.38999999999,384,2277,168.6429512516469
21795,23988.369999999977,917,9147,100.25144856237017
21797,90915.01000000056,2300,8873,259.21334385213567
21798,9415.339999999993,453,2057,220.22362664073893
21801,50766.34,2279,29866,76.3075068639925
21802,2320.959999999999,43,90,477.77777777777783
21804,63720.600000000406,4477,40877,109.52369303031044
21810,2913.13,75,814,92.13759213759214
21811,115303.71000000108,3477,24071,144.4476756262723
21813,11720.36,503,2672,188.24850299401197
21814,267.12,5,268,18.656716417910445
21817,19574.94999999999,551,4515,122.0376522702104
21821,5392.68,73,871,83.81171067738231
21822,10207.600000000002,182,1687,107.88381742738589
21824,294.93,8,101,79.20792079207921
21826,11213.05,1033,5325,193.9906103286385
21829,113.99,6,401,14.962593516209475
21830,9891.73,231,4060,56.896551724137936
21835,622.25,19,337,56.37982195845697
21837,2525.719999999999,85,3200,26.5625
21838,2872.4799999999996,168,1657,101.38805069402534
21840,342.2,8,438,18.2648401826484
21841,2151.8799999999997,80,1580,50.63291139240506
21842,94323.41000000104,6872,10655,644.9554199906148
21849,9043.979999999998,320,3577,89.46044171093095
21850,1950.46,98,2935,33.39011925042589
21851,13319.82000000002,1760,6949,253.27385235285655
21853,7985.15,189,11957,15.80664046165426
21856,1575.8899999999996,116,875,132.57142857142856
21861,750.4300000000003,30,689,43.54136429608128
21862,266.86,7,90,77.77777777777779
21863,14885.14,502,4657,107.79471762937513
21864,422.49,62,548,113.13868613138686
21865,5861.259999999992,553,594,930.9764309764311
21869,3811.920000000001,162,1145,141.48471615720524
21871,28618.619999999828,6748,2198,3070.063694267516
21872,1340.1700000000003,67,379,176.7810026385224
21874,5033.470000000003,289,1874,154.2155816435432
21875,7865.319999999991,571,6676,85.53025763930496
21901,37834.40000000001,1807,16790,107.62358546754021
21903,9080.169999999973,722,5947,121.40575079872204
21904,10706.209999999994,429,7075,60.63604240282686
21911,39679.05000000002,2860,11130,256.96316262354
21912,4251.120000000001,116,1139,101.84372256365234
21913,1308.4999999999995,40,880,45.45454545454545
21914,1399.7300000000002,28,860,32.55813953488372
21915,10522.589999999998,262,2949,88.84367582231265
21917,3712.3899999999994,138,2127,64.88011283497885
21918,13136.439999999982,682,3692,184.7237269772481
21919,7736.6,193,2919,66.11853374443302
21920,227.88,8,491,16.293279022403258
21921,117748.40000000056,6986,46162,151.33659720116114
21930,312.3,1,132,7.575757575757576
